date:
2023-10-19 13:05:49
players_positions:
(4, 2)
(6, 0)
(3, 1)
(0, 1)
player_turn:
3
player_gun:
True
False
False
False
guns_positions:
(0,5)
(0,6)
(3,3)
(5,2)
(6,8)
(8,0)
(8,14)
(9,12)
(13,2)
(13,5)
(13,6)
(13,18)
(15,18)
(17,9)
(17,10)
(17,18)
(19,3)
(21,3)
(21,8)
(22,8)
(24,17)
(25,1)
(29,4)
(29,16)
guards_positions:
(0,18)
(0,19)
(1,2)
(2,10)
(3,5)
(8,5)
(9,7)
(9,12)
(11,17)
(13,16)
(15,7)
(15,9)
(17,0)
(17,5)
(19,1)
(21,1)
(23,3)
(29,17)
(29,19)
cards_positions:
(13,6)
(21,6)
(26,14)
(7,12)
cards_pickup:
False
False
False
False
