date:
2023-10-19 10:12:12
players_positions:
(0, 0)
(0, 0)
(0, 0)
(0, 0)
player_turn:
0
player_gun:
False
False
False
False
guns_positions:
(0,19)
(3,1)
(4,17)
(6,19)
(8,2)
(9,16)
(10,9)
(11,17)
(13,1)
(13,5)
(13,10)
(17,7)
(20,18)
(23,5)
(23,19)
(24,2)
(24,12)
(27,1)
(29,8)
(29,18)
guards_positions:
(2,0)
(4,12)
(6,10)
(8,6)
(8,10)
(9,0)
(10,7)
(13,4)
(13,5)
(15,4)
(16,16)
(17,16)
(17,19)
(20,15)
(21,4)
(22,15)
(22,17)
(23,0)
(23,19)
(24,2)
(24,15)
(24,17)
(28,0)
(29,16)
cards_positions:
(10,7)
(28,9)
(11,18)
(13,14)
cards_pickup:
False
False
False
False
